376.000000 227.000000 -1.665748
376.000000 226.000000 -1.670465
376.000000 226.000000 -1.670465
376.000000 226.000000 -1.670465
376.000000 226.000000 -1.670465
376.000000 226.000000 -1.670465
376.000000 226.000000 -1.670465
375.000000 226.000000 -1.620755
376.000000 226.000000 -1.670465
376.000000 226.000000 -1.670465
376.000000 226.000000 -1.670465
376.000000 228.000000 -1.661456
376.000000 226.000000 -1.670465
376.000000 226.000000 -1.670465
376.000000 228.000000 -1.661456
376.000000 226.000000 -1.670465
374.000000 228.000000 -1.570796
376.000000 227.000000 -1.665748
374.000000 226.000000 -1.570796
376.000000 226.000000 -1.670465
376.000000 226.000000 -1.670465
376.000000 226.000000 -1.670465
376.000000 226.000000 -1.670465
375.000000 226.000000 -1.620755
376.000000 226.000000 -1.670465
374.000000 226.000000 -1.570796
374.000000 226.000000 -1.570796
376.000000 226.000000 -1.670465
374.000000 226.000000 -1.570796
377.000000 226.000000 -1.719686
376.000000 228.000000 -1.661456
376.000000 226.000000 -1.670465
376.000000 226.000000 -1.670465
374.000000 226.000000 -1.570796
376.000000 226.000000 -1.670465
377.000000 226.000000 -1.719686
376.000000 226.000000 -1.670465
376.000000 226.000000 -1.670465
376.000000 226.000000 -1.670465
376.000000 226.000000 -1.670465
376.000000 226.000000 -1.670465
374.000000 226.000000 -1.570796
376.000000 226.000000 -1.670465
376.000000 226.000000 -1.670465
376.000000 226.000000 -1.670465
376.000000 226.000000 -1.670465
374.000000 226.000000 -1.570796
376.000000 226.000000 -1.670465
376.000000 226.000000 -1.670465
375.000000 226.000000 -1.620755
376.000000 226.000000 -1.670465
374.000000 226.000000 -1.570796
376.000000 226.000000 -1.670465
376.000000 226.000000 -1.670465
376.000000 226.000000 -1.670465
375.000000 226.000000 -1.620755
375.000000 226.000000 -1.620755
374.000000 226.000000 -1.570796
376.000000 226.000000 -1.670465
376.000000 226.000000 -1.670465
376.000000 226.000000 -1.670465
374.000000 226.000000 -1.570796
376.000000 226.000000 -1.670465
376.000000 226.000000 -1.670465
376.000000 226.000000 -1.670465
376.000000 226.000000 -1.670465
376.000000 226.000000 -1.670465
375.000000 226.000000 -1.620755
374.000000 226.000000 -1.570796
376.000000 226.000000 -1.670465
376.000000 226.000000 -1.670465
376.000000 226.000000 -1.670465
376.000000 226.000000 -1.670465
376.000000 226.000000 -1.670465
374.000000 226.000000 -1.570796
376.000000 226.000000 -1.670465
374.000000 226.000000 -1.570796
376.000000 226.000000 -1.670465
376.000000 226.000000 -1.670465
374.000000 226.000000 -1.570796
376.000000 228.000000 -1.661456
374.000000 226.000000 -1.570796
376.000000 226.000000 -1.670465
376.000000 226.000000 -1.670465
376.000000 226.000000 -1.670465
376.000000 226.000000 -1.670465
374.000000 226.000000 -1.570796
376.000000 226.000000 -1.670465
376.000000 226.000000 -1.670465
376.000000 226.000000 -1.670465
374.000000 226.000000 -1.570796
376.000000 226.000000 -1.670465
376.000000 228.000000 -1.661456
376.000000 226.000000 -1.670465
376.000000 228.000000 -1.661456
374.000000 226.000000 -1.570796
374.000000 226.000000 -1.570796
376.000000 226.000000 -1.670465
376.000000 228.000000 -1.661456
376.000000 226.000000 -1.670465
376.000000 228.000000 -1.661456
374.000000 226.000000 -1.570796
376.000000 226.000000 -1.670465
376.000000 226.000000 -1.670465
376.000000 226.000000 -1.670465
376.000000 226.000000 -1.670465
376.000000 226.000000 -1.670465
376.000000 226.000000 -1.670465
374.000000 226.000000 -1.570796
376.000000 226.000000 -1.670465
374.000000 226.000000 -1.570796
374.000000 226.000000 -1.570796
376.000000 226.000000 -1.670465
376.000000 226.000000 -1.670465
376.000000 226.000000 -1.670465
376.000000 226.000000 -1.670465
376.000000 226.000000 -1.670465
376.000000 226.000000 -1.670465
376.000000 226.000000 -1.670465
374.000000 228.000000 -1.570796
376.000000 228.000000 -1.661456
376.000000 226.000000 -1.670465
376.000000 226.000000 -1.670465
376.000000 226.000000 -1.670465
376.000000 228.000000 -1.661456
374.000000 226.000000 -1.570796
376.000000 226.000000 -1.670465
376.000000 226.000000 -1.670465
376.000000 226.000000 -1.670465
377.000000 226.000000 -1.719686
374.000000 226.000000 -1.570796
376.000000 226.000000 -1.670465
376.000000 226.000000 -1.670465
374.000000 228.000000 -1.570796
374.000000 226.000000 -1.570796
376.000000 226.000000 -1.670465
376.000000 226.000000 -1.670465
374.000000 226.000000 -1.570796
376.000000 226.000000 -1.670465
376.000000 226.000000 -1.670465
376.000000 226.000000 -1.670465
376.000000 226.000000 -1.670465
376.000000 226.000000 -1.670465
376.000000 226.000000 -1.670465
376.000000 226.000000 -1.670465
374.000000 226.000000 -1.570796
376.000000 227.000000 -1.665748
376.000000 227.000000 -1.665748
376.000000 226.000000 -1.670465
376.000000 226.000000 -1.670465
376.000000 226.000000 -1.670465
376.000000 226.000000 -1.670465
376.000000 226.000000 -1.670465
376.000000 226.000000 -1.670465
376.000000 226.000000 -1.670465
376.000000 226.000000 -1.670465
376.000000 226.000000 -1.670465
376.000000 226.000000 -1.670465
376.000000 226.000000 -1.670465
376.000000 226.000000 -1.670465
376.000000 226.000000 -1.670465
376.000000 226.000000 -1.670465
376.000000 226.000000 -1.670465
376.000000 226.000000 -1.670465
375.000000 228.000000 -1.616220
376.000000 226.000000 -1.670465
376.000000 226.000000 -1.670465
376.000000 226.000000 -1.670465
376.000000 226.000000 -1.670465
374.000000 226.000000 -1.570796
376.000000 226.000000 -1.670465
374.000000 226.000000 -1.570796
376.000000 226.000000 -1.670465
376.000000 226.000000 -1.670465
376.000000 226.000000 -1.670465
376.000000 226.000000 -1.670465
376.000000 226.000000 -1.670465
374.000000 226.000000 -1.570796
376.000000 226.000000 -1.670465
374.000000 226.000000 -1.570796
376.000000 228.000000 -1.661456
376.000000 226.000000 -1.670465
376.000000 226.000000 -1.670465
376.000000 226.000000 -1.670465
376.000000 226.000000 -1.670465
376.000000 226.000000 -1.670465
374.000000 228.000000 -1.570796
376.000000 226.000000 -1.670465
374.000000 226.000000 -1.570796
376.000000 226.000000 -1.670465
376.000000 226.000000 -1.670465
374.000000 226.000000 -1.570796
376.000000 226.000000 -1.670465
376.000000 226.000000 -1.670465
376.000000 226.000000 -1.670465
376.000000 226.000000 -1.670465
376.000000 226.000000 -1.670465
374.000000 226.000000 -1.570796
376.000000 226.000000 -1.670465
376.000000 226.000000 -1.670465
375.000000 226.000000 -1.620755
376.000000 226.000000 -1.670465
376.000000 226.000000 -1.670465
376.000000 226.000000 -1.670465
376.000000 226.000000 -1.670465
376.000000 226.000000 -1.670465
374.000000 226.000000 -1.570796
376.000000 226.000000 -1.670465
376.000000 226.000000 -1.670465
376.000000 226.000000 -1.670465
376.000000 226.000000 -1.670465
376.000000 226.000000 -1.670465
376.000000 226.000000 -1.670465
376.000000 226.000000 -1.670465
376.000000 226.000000 -1.670465
374.000000 229.000000 -1.570796
376.000000 226.000000 -1.670465
374.000000 226.000000 -1.570796
374.000000 226.000000 -1.570796
374.000000 226.000000 -1.570796
376.000000 226.000000 -1.670465
376.000000 226.000000 -1.670465
376.000000 226.000000 -1.670465
376.000000 226.000000 -1.670465
374.000000 226.000000 -1.570796
376.000000 226.000000 -1.670465
376.000000 226.000000 -1.670465
376.000000 226.000000 -1.670465
376.000000 226.000000 -1.670465
376.000000 226.000000 -1.670465
376.000000 226.000000 -1.670465
374.000000 226.000000 -1.570796
376.000000 228.000000 -1.661456
376.000000 226.000000 -1.670465
376.000000 228.000000 -1.661456
376.000000 226.000000 -1.670465
377.000000 226.000000 -1.719686
376.000000 226.000000 -1.670465
376.000000 228.000000 -1.661456
374.000000 226.000000 -1.570796
376.000000 226.000000 -1.670465
376.000000 226.000000 -1.670465
374.000000 228.000000 -1.570796
376.000000 226.000000 -1.670465
376.000000 226.000000 -1.670465
374.000000 228.000000 -1.570796
374.000000 226.000000 -1.570796
376.000000 226.000000 -1.670465
376.000000 228.000000 -1.661456
374.000000 226.000000 -1.570796
376.000000 226.000000 -1.670465
376.000000 226.000000 -1.670465
374.000000 226.000000 -1.570796
376.000000 226.000000 -1.670465
374.000000 226.000000 -1.570796
376.000000 226.000000 -1.670465
376.000000 226.000000 -1.670465
374.000000 226.000000 -1.570796
376.000000 226.000000 -1.670465
376.000000 226.000000 -1.670465
376.000000 226.000000 -1.670465
376.000000 228.000000 -1.661456
376.000000 226.000000 -1.670465
376.000000 226.000000 -1.670465
376.000000 226.000000 -1.670465
374.000000 226.000000 -1.570796
376.000000 226.000000 -1.670465
376.000000 226.000000 -1.670465
374.000000 228.000000 -1.570796
374.000000 226.000000 -1.570796
376.000000 226.000000 -1.670465
376.000000 226.000000 -1.670465
376.000000 226.000000 -1.670465
376.000000 226.000000 -1.670465
376.000000 228.000000 -1.661456
374.000000 226.000000 -1.570796
376.000000 226.000000 -1.670465
374.000000 226.000000 -1.570796
376.000000 226.000000 -1.670465
374.000000 226.000000 -1.570796
376.000000 226.000000 -1.670465
377.000000 226.000000 -1.719686
376.000000 226.000000 -1.670465
376.000000 226.000000 -1.670465
374.000000 226.000000 -1.570796
376.000000 226.000000 -1.670465
376.000000 226.000000 -1.670465
376.000000 228.000000 -1.661456
376.000000 226.000000 -1.670465
376.000000 226.000000 -1.670465
376.000000 226.000000 -1.670465
376.000000 226.000000 -1.670465
376.000000 226.000000 -1.670465
376.000000 227.000000 -1.665748
374.000000 226.000000 -1.570796
376.000000 228.000000 -1.661456
376.000000 226.000000 -1.670465
377.000000 226.000000 -1.719686
376.000000 226.000000 -1.670465
376.000000 226.000000 -1.670465
376.000000 226.000000 -1.670465
376.000000 226.000000 -1.670465
376.000000 226.000000 -1.670465
376.000000 226.000000 -1.670465
376.000000 226.000000 -1.670465
376.000000 226.000000 -1.670465
376.000000 226.000000 -1.670465
376.000000 226.000000 -1.670465
376.000000 226.000000 -1.670465
374.000000 226.000000 -1.570796
376.000000 226.000000 -1.670465
376.000000 226.000000 -1.670465
376.000000 226.000000 -1.670465
376.000000 226.000000 -1.670465
374.000000 226.000000 -1.570796
376.000000 226.000000 -1.670465
376.000000 228.000000 -1.661456
376.000000 226.000000 -1.670465
376.000000 226.000000 -1.670465
376.000000 226.000000 -1.670465
376.000000 228.000000 -1.661456
376.000000 226.000000 -1.670465
376.000000 226.000000 -1.670465
376.000000 226.000000 -1.670465
376.000000 226.000000 -1.670465
376.000000 228.000000 -1.661456
374.000000 226.000000 -1.570796
376.000000 226.000000 -1.670465
374.000000 226.000000 -1.570796
374.000000 228.000000 -1.570796
376.000000 226.000000 -1.670465
376.000000 226.000000 -1.670465
376.000000 226.000000 -1.670465
376.000000 226.000000 -1.670465
376.000000 226.000000 -1.670465
374.000000 226.000000 -1.570796
374.000000 226.000000 -1.570796
376.000000 226.000000 -1.670465
374.000000 226.000000 -1.570796
376.000000 226.000000 -1.670465
376.000000 228.000000 -1.661456
376.000000 226.000000 -1.670465
374.000000 226.000000 -1.570796
376.000000 228.000000 -1.661456
376.000000 226.000000 -1.670465
376.000000 226.000000 -1.670465
376.000000 226.000000 -1.670465
376.000000 226.000000 -1.670465
376.000000 226.000000 -1.670465
376.000000 226.000000 -1.670465
374.000000 226.000000 -1.570796
376.000000 226.000000 -1.670465
376.000000 226.000000 -1.670465
374.000000 226.000000 -1.570796
376.000000 226.000000 -1.670465
376.000000 226.000000 -1.670465
376.000000 226.000000 -1.670465
376.000000 226.000000 -1.670465
376.000000 228.000000 -1.661456
376.000000 228.000000 -1.661456
376.000000 226.000000 -1.670465
376.000000 226.000000 -1.670465
376.000000 226.000000 -1.670465
374.000000 226.000000 -1.570796
376.000000 226.000000 -1.670465
376.000000 226.000000 -1.670465
376.000000 228.000000 -1.661456
374.000000 226.000000 -1.570796
376.000000 226.000000 -1.670465
376.000000 228.000000 -1.661456
376.000000 226.000000 -1.670465
374.000000 226.000000 -1.570796
374.000000 232.000000 -1.480136
374.000000 240.000000 -1.570796
374.000000 260.000000 -1.570796
374.000000 264.000000 -1.480136
372.000000 274.000000 -1.390943
372.000000 278.000000 -1.570796
370.000000 284.000000 -1.570796
370.000000 290.000000 -1.750650
372.000000 294.000000 -1.837048
372.000000 302.000000 -1.750650
372.000000 308.000000 -1.919567
374.000000 310.000000 -1.997424
373.000000 312.000000 -1.993650
374.000000 318.000000 -1.750650
376.000000 320.000000 -1.837048
376.000000 326.000000 -1.837048
380.000000 336.000000 -1.750650
382.000000 340.000000 -1.661456
382.000000 336.000000 -1.661456
384.000000 332.000000 -1.570796
384.000000 324.000000 -1.390943
386.000000 316.000000 -1.390943
388.000000 312.000000 -1.390943
390.000000 306.000000 -1.279340
392.000000 300.000000 -1.279340
394.000000 294.000000 -1.471128
394.000000 290.000000 -1.487655
396.000000 287.000000 -1.570796
396.000000 278.000000 -1.570796
396.000000 272.000000 -1.661456
395.000000 264.000000 -1.706324
394.000000 260.000000 -1.661456
392.000000 248.000000 -1.862253
390.000000 242.000000 -1.862253
390.000000 240.000000 -1.951303
388.000000 238.000000 -1.919567
388.000000 232.000000 -2.034444
384.000000 228.000000 -2.034444
380.000000 222.000000 -2.034444
378.000000 216.000000 -2.158799
374.000000 212.000000 -2.158799
370.000000 208.000000 -2.158799
368.000000 204.000000 -2.356194
362.000000 200.000000 -2.356194
358.000000 194.000000 -2.422763
354.000000 188.000000 -2.214297
352.000000 184.000000 -2.158799
350.000000 184.000000 -2.077895
348.000000 178.000000 -2.077895
346.000000 174.000000 -1.951303
344.000000 168.000000 -2.214297
342.000000 166.000000 -2.289626
338.000000 158.000000 -2.214297
336.000000 154.000000 -2.077895
332.000000 146.000000 -1.989021
330.000000 140.000000 -2.129396
326.000000 136.000000 -1.989021
322.000000 128.000000 -2.214297
318.000000 124.000000 -2.214297
315.000000 119.000000 -2.356194
310.000000 116.000000 -2.422763
306.000000 112.000000 -2.553590
304.000000 110.000000 -2.498092
298.000000 106.000000 -2.634494
292.000000 104.000000 -2.582993
287.000000 101.000000 -2.654693
284.000000 100.000000 -2.761086
276.000000 96.000000 -2.850136
272.000000 94.000000 -2.761086
266.000000 90.000000 -2.582993
262.000000 88.000000 -2.634494
258.000000 86.000000 -2.850136
250.000000 84.000000 -2.922924
243.000000 82.000000 -2.934096
237.000000 81.000000 -2.884269
231.000000 80.000000 -2.934096
226.000000 77.000000 -2.896614
221.000000 75.000000 -2.884269
216.000000 74.000000 -3.041924
209.000000 74.000000 3.141593
204.000000 72.000000 3.141593
193.000000 70.000000 -2.934096
191.000000 69.000000 -2.999696
186.000000 68.000000 -2.819842
181.000000 66.000000 -2.835714
176.000000 64.000000 -2.944197
170.000000 62.000000 -3.030935
166.000000 62.000000 3.141593
158.000000 62.000000 3.141593
